0.0 0.42857142857142855 0.0 0.0 
0.3333333333333333 0.6 0.5833333333333334 0.0 
0.0 0.0 0.5 0.0 
0.9466666666666667 0.0 0.0 0.3 
0.2857142857142857 0.0 0.0 0.25 
0.0 0.0 0.0 0.0 
0.0 0.0 0.2 0.14285714285714285 
0.0 0.0 0.984375 0.0 
0.42857142857142855 0.0 0.0 0.3333333333333333 
0.5 0.5833333333333334 0.0 0.0 
0.0 0.5 0.0 0.9466666666666667 
0.0 0.0 0.3 0.2857142857142857 
0.0 0.0 0.25 0.0 
0.0 0.0 0.0 0.0 
0.0 0.2 0.14285714285714285 0.0 
0.0 0.984375 0.0 0.42857142857142855 
0.0 0.0 0.3333333333333333 0.6 
0.5 0.0 0.0 0.0 
0.5 0.0 0.9466666666666667 0.0 
0.0 0.3 0.2857142857142857 0.0 
0.0 0.25 0.0 0.0 
0.0 0.0 0.0 0.0 
0.2 0.14285714285714285 0.0 0.0 
0.984375 0.0 0.42857142857142855 0.0 
0.0 0.16666666666666666 0.6 0.5 
0.0 0.0 0.0 0.5 
0.0 0.92 0.0 0.0 
0.3 0.2857142857142857 0.0 0.0 
0.25 0.0 0.0 0.0 
0.0 0.0 0.0 0.2 
0.14285714285714285 0.0 0.0 0.9609375 
