RANDOM	SIMILARITY
0.20	0.16	
0.31	0.16	
0.21	0.16	
0.24	0.16	
0.26	0.16	
0.22	0.16	
0.26	0.16	
0.34	0.16	
0.28	0.16	
0.23	0.16	
0.33	0.16	
0.21	0.16	
0.24	0.16	
0.28	0.16	
0.22	0.16	
0.26	0.16	
0.24	0.16	
0.15	0.16	
0.31	0.16	
0.24	0.16	
0.20	0.16	
0.27	0.16	
0.32	0.16	
0.26	0.16	
0.26	0.16	
0.29	0.16	
0.21	0.16	
0.20	0.16	
0.27	0.16	
0.22	0.16	
0.27	0.16	
0.25	0.16	
0.30	0.16	
0.28	0.16	
0.22	0.16	
0.26	0.16	
0.26	0.16	
0.29	0.16	
0.30	0.16	
0.27	0.16	
0.29	0.16	
0.21	0.16	
0.15	0.16	
0.27	0.16	
0.26	0.16	
0.29	0.16	
0.19	0.16	
0.30	0.16	
0.27	0.16	
0.29	0.16	
0.28	0.16	
0.22	0.16	
0.32	0.16	
0.24	0.16	
0.24	0.16	
0.22	0.16	
0.25	0.16	
0.24	0.16	
0.26	0.16	
0.28	0.16	
0.22	0.16	
0.13	0.16	
0.29	0.16	
0.21	0.16	
0.24	0.16	
0.28	0.16	
0.28	0.16	
0.15	0.16	
0.15	0.16	
0.18	0.16	
0.24	0.16	
0.26	0.16	
0.25	0.16	
0.21	0.16	
0.24	0.16	
0.20	0.16	
0.23	0.16	
0.23	0.16	
0.27	0.16	
0.21	0.16	
0.28	0.16	
0.31	0.16	
0.29	0.16	
0.18	0.16	
0.20	0.16	
0.22	0.16	
0.26	0.16	
0.29	0.16	
0.27	0.16	
0.26	0.16	
0.24	0.16	
0.24	0.16	
0.20	0.16	
0.24	0.16	
0.26	0.16	
0.32	0.16	
0.22	0.16	
0.26	0.16	
0.23	0.16	
0.28	0.16	
0.13	0.17	
0.21	0.17	
0.21	0.17	
0.18	0.17	
0.10	0.17	
0.18	0.17	
0.13	0.17	
0.28	0.17	
0.19	0.17	
0.15	0.17	
0.10	0.17	
0.22	0.17	
0.13	0.17	
0.15	0.17	
0.15	0.17	
0.13	0.29	
0.10	0.17	
0.18	0.17	
0.10	0.17	
0.18	0.17	
0.10	0.17	
0.18	0.29	
0.15	0.17	
0.18	0.29	
0.10	0.17	
0.15	0.17	
0.15	0.29	
0.13	0.17	
0.18	0.17	
0.18	0.17	
0.08	0.17	
0.23	0.17	
0.10	0.17	
0.21	0.17	
0.18	0.17	
0.21	0.17	
0.23	0.17	
0.18	0.17	
0.18	0.17	
0.19	0.17	
0.19	0.17	
0.18	0.17	
0.19	0.17	
0.22	0.17	
0.13	0.17	
0.10	0.17	
0.14	0.17	
0.14	0.17	
0.17	0.17	
0.15	0.17	
0.18	0.17	
0.13	0.17	
0.21	0.17	
0.18	0.29	
0.09	0.29	
0.21	0.17	
0.15	0.29	
0.17	0.17	
0.13	0.17	
0.17	0.17	
0.15	0.17	
0.23	0.17	
0.15	0.17	
0.18	0.17	
0.21	0.17	
0.13	0.17	
0.15	0.17	
0.23	0.17	
0.15	0.17	
0.19	0.17	
0.18	0.17	
0.10	0.17	
0.08	0.17	
0.13	0.17	
0.10	0.17	
0.13	0.17	
0.12	0.17	
0.23	0.29	
0.15	0.17	
0.21	0.17	
0.08	0.17	
0.13	0.17	
0.14	0.29	
0.18	0.17	
0.21	0.17	
0.13	0.17	
0.18	0.17	
0.15	0.17	
0.18	0.17	
0.18	0.17	
0.21	0.17	
0.13	0.29	
0.15	0.29	
0.23	0.17	
0.13	0.17	
0.08	0.17	
0.08	0.17	
0.15	0.17	
0.18	0.17	
0.22	0.17	
0.30	0.29	
0.15	0.30	
0.15	0.30	
0.19	0.30	
0.24	0.30	
0.12	0.30	
0.28	0.29	
0.15	0.29	
0.16	0.30	
0.22	0.30	
0.20	0.30	
0.25	0.29	
0.26	0.30	
0.19	0.30	
0.15	0.29	
0.15	0.30	
0.25	0.30	
0.15	0.30	
0.14	0.29	
0.19	0.29	
0.22	0.29	
0.27	0.30	
0.23	0.29	
0.16	0.30	
0.28	0.30	
0.11	0.30	
0.15	0.29	
0.16	0.30	
0.24	0.30	
0.14	0.30	
0.17	0.29	
0.19	0.30	
0.12	0.30	
0.26	0.29	
0.14	0.30	
0.25	0.30	
0.12	0.29	
0.24	0.29	
0.21	0.30	
0.16	0.29	
0.15	0.29	
0.22	0.30	
0.17	0.30	
0.14	0.29	
0.12	0.29	
0.14	0.30	
0.18	0.30	
0.19	0.29	
0.22	0.29	
0.18	0.29	
0.21	0.30	
0.19	0.29	
0.21	0.29	
0.13	0.29	
0.15	0.30	
0.19	0.29	
0.19	0.30	
0.12	0.30	
0.16	0.29	
0.16	0.29	
0.22	0.29	
0.21	0.30	
0.27	0.29	
0.13	0.29	
0.16	0.30	
0.13	0.30	
0.21	0.30	
0.16	0.29	
0.35	0.29	
0.15	0.30	
0.23	0.30	
0.18	0.30	
0.22	0.30	
0.17	0.29	
0.15	0.30	
0.18	0.29	
0.19	0.30	
0.16	0.29	
0.11	0.30	
0.12	0.30	
0.21	0.30	
0.18	0.29	
0.18	0.30	
0.23	0.29	
0.21	0.30	
0.15	0.30	
0.17	0.30	
0.17	0.30	
0.13	0.30	
0.19	0.30	
0.22	0.30	
0.26	0.30	
0.14	0.29	
0.14	0.30	
0.25	0.30	
0.14	0.30	
0.28	0.30	
0.15	0.30	
0.24	0.30	
0.18	0.29	
0.26	0.47	
0.22	0.47	
0.26	0.47	
0.40	0.47	
0.33	0.47	
0.36	0.47	
0.31	0.47	
0.26	0.47	
0.34	0.47	
0.22	0.47	
0.36	0.47	
0.34	0.47	
0.28	0.47	
0.24	0.47	
0.33	0.47	
0.22	0.47	
0.24	0.47	
0.36	0.47	
0.17	0.47	
0.22	0.47	
0.24	0.47	
0.28	0.47	
0.24	0.47	
0.26	0.47	
0.24	0.47	
0.26	0.47	
0.29	0.47	
0.24	0.47	
0.22	0.47	
0.22	0.47	
0.47	0.47	
0.24	0.47	
0.24	0.47	
0.26	0.47	
0.26	0.47	
0.22	0.47	
0.24	0.47	
0.24	0.47	
0.47	0.47	
0.22	0.47	
0.26	0.47	
0.28	0.47	
0.34	0.47	
0.33	0.47	
0.24	0.47	
0.26	0.47	
0.24	0.47	
0.24	0.47	
0.29	0.47	
0.26	0.47	
0.28	0.47	
0.36	0.47	
0.34	0.47	
0.28	0.47	
0.26	0.47	
0.24	0.47	
0.26	0.47	
0.26	0.47	
0.36	0.47	
0.24	0.47	
0.24	0.47	
0.26	0.47	
0.33	0.47	
0.28	0.47	
0.34	0.47	
0.22	0.47	
0.26	0.47	
0.33	0.47	
0.28	0.47	
0.36	0.47	
0.24	0.47	
0.24	0.47	
0.22	0.47	
0.28	0.47	
0.29	0.47	
0.24	0.47	
0.22	0.47	
0.24	0.47	
0.33	0.47	
0.24	0.47	
0.28	0.47	
0.36	0.47	
0.29	0.47	
0.40	0.47	
0.24	0.47	
0.36	0.47	
0.34	0.47	
0.26	0.47	
0.47	0.47	
0.22	0.47	
0.22	0.47	
0.36	0.47	
0.26	0.47	
0.34	0.47	
0.24	0.47	
0.26	0.47	
0.24	0.47	
0.36	0.47	
0.24	0.47	
0.24	0.47	
