RANDOM	SIMILARITY
1431320	81621161	
292515	31647194	
220203	21992315	
329372	30802771	
1107080	29685427	
318174	30254596	
225802	47046480	
342434	38842982	
213206	29161978	
267322	20979474	
112434	19081156	
115233	20316999	
144158	18448539	
160020	21173552	
74645	17406773	
69047	17588254	
73712	27047189	
84442	18936531	
82110	17267280	
73712	17602716	
70446	16914115	
137160	17754805	
76977	132887422	
200142	29585589	
90508	18399552	
116166	15683404	
107769	22884324	
61582	31184394	
83976	15923201	
56917	15819165	
145558	17882169	
66714	16692979	
201542	15640016	
114767	24031993	
102171	16182593	
92840	15524783	
160953	21228136	
70913	15966589	
319575	16052431	
53651	19966634	
89574	15854154	
74645	15547176	
67647	28890923	
53651	20737810	
108236	16800281	
109635	16736367	
139960	25163799	
118499	15807502	
133428	16907117	
53184	20649170	
115700	15228535	
37322	15566305	
63448	21684871	
61115	16229246	
144625	18448072	
76044	18044055	
77911	16175129	
80243	15699733	
89574	19116613	
81177	19334017	
81643	17051742	
106369	16166731	
79311	15920869	
86775	16572148	
144159	16941641	
96105	20309535	
116633	23182905	
70447	21094708	
55517	16190524	
52718	21342903	
107769	18788640	
60183	22648725	
93773	17265414	
84909	16060829	
72779	15840625	
93306	15288252	
388155	28661389	
75112	16106082	
55517	15786974	
179614	28520963	
112434	16820343	
67647	15613424	
65315	17154379	
59249	15838759	
75112	15731923	
93773	16559551	
104970	15967522	
72312	15417948	
84442	25753963	
73712	21717528	
167485	16692979	
120832	16361275	
96572	20558662	
77445	15731457	
83509	15502856	
100771	23212296	
90041	22984629	
45721	17909227	
79777	28647393	
75111	27107372	
27059	279919	
31724	279919	
25660	196877	
22860	161420	
27992	160487	
20061	174017	
17729	156754	
16328	183813	
28925	170751	
17262	166552	
16795	263591	
18194	268256	
22394	244930	
20528	269189	
30325	177282	
54584	279919	
21460	257992	
18661	177283	
20061	151157	
21460	187546	
61582	177749	
15396	165619	
16328	168418	
20527	174483	
13996	150690	
54584	265923	
15396	157221	
63448	207607	
16796	393287	
18661	272922	
24260	279453	
28459	370426	
27058	375092	
31257	419878	
35923	400284	
32191	376958	
31258	222069	
24260	353165	
20994	215537	
27525	380224	
24260	255193	
27525	319108	
16329	305578	
18661	282718	
21460	370427	
21460	276187	
20061	270122	
23327	270589	
22860	200142	
18195	265923	
19594	146958	
14463	144625	
16795	148824	
11664	160021	
18661	149290	
13529	146025	
13529	158620	
19128	208073	
13529	261724	
16795	184747	
15862	249595	
18195	269189	
17728	253327	
21927	352232	
20994	428743	
21461	416613	
18195	173550	
17262	174483	
21461	263124	
24726	260792	
21460	256593	
34057	299047	
21927	255659	
16328	253327	
17261	245862	
25193	174483	
22394	271055	
27526	259859	
23327	160953	
27059	265457	
23794	339169	
27526	474930	
30791	309778	
24260	303246	
20994	343367	
52718	193144	
23327	201542	
26126	324239	
28458	327039	
21927	273854	
22860	276187	
25660	305112	
37789	288783	
35457	322373	
114300	306512	
35457	304645	
39655	171218	
14929	172616	
18194	147424	
12596	187080	
41054	1393065	
34057	1807811	
40122	902273	
22860	863550	
18662	1232578	
27059	875681	
29392	1380002	
51319	890610	
26592	1591341	
26592	1083288	
30324	953591	
21927	855153	
22860	963855	
22394	1506431	
44321	1031503	
34057	1586675	
20994	1298825	
39655	1567081	
34990	863551	
28925	851887	
26126	847222	
39656	1073023	
48520	913936	
27525	1296959	
39189	1241442	
34057	1105680	
23793	890609	
22394	859352	
22394	1102882	
26592	1136472	
30324	1141604	
46187	1176593	
21927	1082354	
20061	858885	
38256	1258703	
27525	1164930	
24260	873348	
41521	1700509	
37323	946126	
39656	1066026	
43854	1366938	
35456	1546087	
45253	1397730	
27059	1048297	
64382	1115944	
26592	907871	
24260	933064	
29858	1821807	
236065	1536290	
27059	878013	
30324	1372071	
74645	1551685	
82576	901340	
25193	1358074	
30791	1228845	
638215	1991625	
114301	1393065	
35922	1048764	
27992	932597	
25659	904139	
28459	911604	
29858	977851	
19128	1963166	
19127	926532	
20994	876147	
11663	878479	
8864	889676	
10730	965255	
28458	948926	
23793	1077689	
23794	897607	
18195	1305356	
22861	1218581	
31724	934930	
14462	878480	
20528	1456512	
15862	1693044	
21927	876147	
23793	1524626	
20528	903206	
16329	901806	
41055	1802679	
21460	883612	
14462	975052	
14929	958723	
25660	1687446	
14929	976451	
30791	1637527	
16795	944260	
13996	1087486	
16328	1270833	
33591	1130873	
22860	1037567	
21461	920934	
25659	902273	
21927	927466	
13529	974119	
16329	1731766	
32191	1720570	
16795	1637527	
10730	146958	
11663	228601	
10731	149757	
20061	256126	
12596	245863	
13996	139493	
6998	153489	
10731	158620	
7931	141826	
7465	137627	
6065	144159	
6998	137627	
6532	169817	
25193	1007242	
31257	538844	
25660	745518	
30791	520183	
27525	335903	
13529	208073	
13530	365294	
22393	383023	
12130	375092	
12129	212738	
14462	355031	
12130	208073	
8865	210873	
6998	208073	
9331	212272	
9330	257059	
13529	211339	
6065	211806	
10263	152555	
6065	153489	
23793	177749	
18195	246796	
17262	256593	
15396	269189	
11197	285984	
10264	257525	
13996	258459	
15395	254260	
20994	1629129	
14462	160020	
8398	148824	
9330	246329	
11663	238864	
14462	163753	
13063	235132	
11197	176816	
8398	162353	
10730	140893	
14929	169351	
12130	174483	
7932	169818	
10263	138093	
9798	153022	
5132	164686	
5598	182414	
4665	141359	
6998	143691	
6531	161886	
6065	144159	
4666	136228	
10731	150223	
6531	148357	
8397	162353	
23793	150223	
7464	188479	
8864	489858	
16329	508053	
22860	710528	
22860	757181	
36389	294848	
9330	171217	
5598	291582	
12130	173083	
7465	193610	
11197	170751	
7931	173083	
5598	165619	
7931	186613	
6532	229534	
6065	167018	
4665	169351	
7931	198276	
9331	199676	
12130	319575	
14929	139027	
6531	164219	
10263	155821	
9797	254260	
10264	275720	
9331	267789	
15862	260791	
7931	157221	
13996	236065	
8864	194077	
5599	243530	
5598	139493	
6065	137627	
