0.5 0.5714285714285714 0.5625 0.5 
0.5 0.6 0.5833333333333334 0.5 
0.5 0.5 0.5 0.5 
0.6 0.5 0.5 0.6 
0.5714285714285714 0.5555555555555556 0.5714285714285714 0.5 
0.0 0.0 0.0 0.0 
0.0 0.0 0.6 0.5714285714285714 
0.0 0.5 0.59375 0.5 
0.5714285714285714 0.5625 0.5 0.5 
0.6 0.5833333333333334 0.5 0.5 
0.5 0.5 0.5 0.6 
0.5 0.5 0.6 0.5714285714285714 
0.5555555555555556 0.5714285714285714 0.5 0.0 
0.0 0.0 0.0 0.0 
0.0 0.6 0.5714285714285714 0.0 
0.5 0.59375 0.5 0.5714285714285714 
0.5625 0.5 0.5 0.6 
0.5833333333333334 0.5 0.5 0.5 
0.5 0.5 0.6 0.5 
0.5 0.6 0.5714285714285714 0.5555555555555556 
0.5714285714285714 0.5 0.0 0.0 
0.0 0.0 0.0 0.0 
0.6 0.5714285714285714 0.0 0.5 
0.59375 0.5 0.5714285714285714 0.5625 
0.5 0.5 0.6 0.5833333333333334 
0.5 0.5 0.5 0.5 
0.5 0.6 0.5 0.5 
0.6 0.5714285714285714 0.5555555555555556 0.5714285714285714 
0.5 0.0 0.0 0.0 
0.0 0.0 0.0 0.6 
0.5714285714285714 0.0 0.5 0.59375 
