0.8333333333333334 0.8571428571428571 0.875 0.75 
0.8333333333333334 0.9 0.8333333333333334 0.5 
0.5 0.8333333333333334 0.75 0.5 
0.9 0.75 0.75 0.9 
0.8571428571428571 0.8888888888888888 0.8571428571428571 0.75 
0.0 0.0 0.0 0.0 
0.0 0.0 0.8 0.8571428571428571 
0.0 0.75 0.8984375 0.8333333333333334 
0.8571428571428571 0.875 0.75 0.8333333333333334 
0.9 0.8333333333333334 0.5 0.5 
0.8333333333333334 0.75 0.5 0.9 
0.75 0.75 0.9 0.8571428571428571 
0.8888888888888888 0.8571428571428571 0.75 0.0 
0.0 0.0 0.0 0.0 
0.0 0.8 0.8571428571428571 0.0 
0.75 0.8984375 0.8333333333333334 0.8571428571428571 
0.875 0.75 0.8333333333333334 0.9 
0.8333333333333334 0.5 0.5 0.8333333333333334 
0.75 0.5 0.9 0.75 
0.75 0.9 0.8571428571428571 0.8888888888888888 
0.8571428571428571 0.75 0.0 0.0 
0.0 0.0 0.0 0.0 
0.8 0.8571428571428571 0.0 0.75 
0.8984375 0.8333333333333334 0.8571428571428571 0.875 
0.75 0.8333333333333334 0.9 0.8333333333333334 
0.5 0.5 0.8333333333333334 0.75 
0.5 0.9 0.75 0.75 
0.9 0.8571428571428571 0.8888888888888888 0.8571428571428571 
0.75 0.0 0.0 0.0 
0.0 0.0 0.0 0.8 
0.8571428571428571 0.0 0.75 0.8984375 
