0.16666666666666666 0.14285714285714285 0.1875 0.0 
0.16666666666666666 0.2 0.16666666666666666 0.0 
0.0 0.16666666666666666 0.0 0.0 
0.2 0.0 0.0 0.2 
0.14285714285714285 0.1111111111111111 0.14285714285714285 0.0 
0.0 0.0 0.0 0.0 
0.0 0.0 0.2 0.14285714285714285 
0.0 0.0 0.1953125 0.16666666666666666 
0.14285714285714285 0.1875 0.0 0.16666666666666666 
0.2 0.16666666666666666 0.0 0.0 
0.16666666666666666 0.0 0.0 0.2 
0.0 0.0 0.2 0.14285714285714285 
0.1111111111111111 0.14285714285714285 0.0 0.0 
0.0 0.0 0.0 0.0 
0.0 0.2 0.14285714285714285 0.0 
0.0 0.1953125 0.16666666666666666 0.14285714285714285 
0.1875 0.0 0.16666666666666666 0.2 
0.16666666666666666 0.0 0.0 0.16666666666666666 
0.0 0.0 0.2 0.0 
0.0 0.2 0.14285714285714285 0.1111111111111111 
0.14285714285714285 0.0 0.0 0.0 
0.0 0.0 0.0 0.0 
0.2 0.14285714285714285 0.0 0.0 
0.1953125 0.16666666666666666 0.14285714285714285 0.1875 
0.0 0.16666666666666666 0.2 0.16666666666666666 
0.0 0.0 0.16666666666666666 0.0 
0.0 0.2 0.0 0.0 
0.2 0.14285714285714285 0.1111111111111111 0.14285714285714285 
0.0 0.0 0.0 0.0 
0.0 0.0 0.0 0.2 
0.14285714285714285 0.0 0.0 0.1953125 
