BIGGEST	SMALLEST	RANDOM	SIMILARITY
5394509	900874	1857264	69600500	
876146	971320	459067	34170665	
660609	345233	80243	21445074	
359696	370893	259391	35772735	
630751	488926	231400	31823543	
643347	205740	88641	42671810	
883145	344300	153489	41878239	
880345	349433	286451	50401778	
888277	547709	292982	32532205	
492658	400751	218804	42219274	
741786	422211	165618	32822388	
530446	373225	165152	27741855	
311644	152089	226268	22569882	
395619	161887	114767	18561906	
573368	169351	129696	29712486	
576633	295314	177749	34159935	
349432	168418	115234	16519429	
303712	266857	97972	25241244	
499189	150690	151156	16808679	
308845	305112	126896	21358765	
349899	189412	132962	25533759	
533713	303712	76512	18655213	
281786	157221	158155	25915848	
292516	274788	73712	20395376	
312577	236998	93773	22657123	
296714	160021	118499	17557929	
295781	149290	109635	15717928	
308844	173550	97039	15905473	
299514	175416	73245	19518763	
544442	282252	104036	17298537	
311177	279453	102170	23120856	
284584	157688	85842	16620667	
525781	309778	92840	22028238	
259858	149756	86775	21065783	
282719	150223	59249	15465534	
286450	270588	121299	16850201	
271988	163753	127363	15482795	
696066	380224	46653	19583145	
303246	148357	132029	17856976	
520650	150224	59716	14777399	
303713	174482	77445	21390023	
303246	278053	52251	27998914	
303712	153489	49453	15493992	
289250	150223	85842	21503390	
509453	258925	129229	16125677	
290650	168885	113368	18106104	
301846	183347	84909	19325152	
301379	144158	66248	16105149	
298581	275254	64848	17573791	
289250	160021	133428	33808636	
315376	294382	101237	17159511	
293915	284584	57850	19292961	
299980	259392	89108	20888967	
376024	191279	117100	18142028	
355964	346167	118966	18219005	
305112	196876	93306	19999290	
306512	215071	94706	21767447	
347100	167018	60183	16875860	
374159	221136	76511	16834339	
285518	202009	46187	20333794	
512252	224402	145558	21242132	
350366	179149	180547	26111792	
879413	745985	295781	34518231	
282251	134361	54118	17939552	
285051	173549	75112	23202965	
400284	159554	83509	18825963	
284585	147891	63915	23390512	
265923	123631	112901	23069071	
528581	175883	83510	21314911	
251927	104036	155822	23622844	
266856	101237	77910	16339815	
264057	163753	122231	20014220	
275720	161420	69513	21789840	
276654	204808	59716	16395332	
247728	143225	92840	23006555	
580365	104037	75111	16029104	
269655	124564	116166	17232756	
261724	127363	113368	31364009	
283185	164219	80710	18929999	
262657	111034	62982	20404241	
275254	112900	88174	16524094	
432475	132495	99838	17270079	
285984	105903	90041	16605738	
487526	109169	75112	15456670	
270589	140893	92374	26750940	
290649	131096	118499	20421502	
287850	104036	50386	15240199	
247729	113834	89107	16572148	
451136	114767	76978	15261659	
529981	142292	122231	24208341	
261258	111034	61115	22060896	
259391	138560	152090	18929067	
272921	135760	73712	19288763	
259392	114767	83975	17840181	
352698	132962	63915	19200588	
276654	111501	132961	29743743	
699798	119432	55050	16392533	
264057	176349	65314	21561240	
255193	131095	78378	17904096	
244929	105903	74178	17174906	
14929	9331	12596	175882	
11197	8397	15395	375559	
10730	11197	14463	272921	
8397	6998	29391	276654	
11663	8865	21927	262191	
8397	7931	15862	303712	
10264	10730	23793	293448	
9331	9798	23327	257526	
21927	9797	25659	170284	
13529	8398	29858	267789	
10264	6065	12596	177749	
23793	14930	14929	177748	
10263	9331	17262	153956	
9797	10730	22394	438073	
15396	11663	35923	425010	
13529	16329	25192	297647	
12130	12130	33591	457201	
12596	18195	15395	251927	
8397	8397	13996	250061	
8397	10730	14463	252860	
6998	11196	23793	216004	
13063	15395	21460	250061	
10264	8864	15396	206207	
9330	8397	21927	155822	
11664	15396	13530	153022	
45720	10730	13063	153955	
6532	7931	13063	584565	
48986	47587	72313	1252171	
30325	27525	44320	1133206	
14929	11196	23793	299980	
16795	11663	24259	320507	
13063	13996	19594	188945	
9797	13529	17728	180548	
6998	11197	18195	242130	
14463	22860	21927	337303	
13529	12130	19128	324706	
14463	12596	17728	254726	
11196	9331	25659	275720	
13529	22860	24726	167018	
12597	12597	23327	261258	
11197	15862	21461	640549	
14462	10264	20061	170751	
9797	8864	15396	150224	
8864	7465	22394	146491	
13996	6532	16795	185213	
21927	6531	12596	156755	
13063	25659	42454	734321	
25193	23793	41988	770244	
25193	10264	17261	228601	
10730	41055	21461	282719	
11197	11197	15862	170750	
7931	6065	20061	173083	
7931	6065	13063	269655	
8864	13996	21927	271055	
11663	9331	16328	170751	
7931	6998	17261	201541	
11664	7932	19128	280852	
9797	6532	19128	169818	
11663	9797	20061	169351	
8398	19128	20061	184746	
19128	14462	51786	276654	
12596	9330	20528	207606	
12130	12130	19595	233266	
14929	11663	21927	259392	
16795	15862	24726	200142	
10731	9797	18661	274787	
13529	11664	28458	1966432	
15863	12130	39656	305578	
14462	19128	26126	276187	
16329	13529	27059	303246	
16795	13063	24727	318641	
18661	11197	27992	293916	
19594	12597	20527	229534	
16329	15862	20061	169817	
12130	7465	14462	165619	
11197	9331	18661	252393	
14929	12597	14929	173084	
17728	20527	13530	145091	
15862	7464	16795	150690	
12129	16329	38256	271521	
13529	8864	20060	266856	
9331	8864	20061	245396	
9797	7465	16795	244929	
8864	7931	15862	161886	
8864	6998	20993	306512	
24726	14462	22860	265457	
20527	21927	44321	294382	
11663	9331	16795	202008	
13996	8864	19128	160487	
10264	5599	14462	159554	
7931	6532	16329	146025	
12130	6532	13529	307445	
18661	19595	36857	524382	
25659	30325	35457	295315	
14929	13529	36856	258459	
13530	11197	25193	264057	
13529	12596	24726	270122	
14929	16329	29391	279919	
20061	17262	20528	278986	
22860	14929	21927	271522	
45720	42921	36856	1427588	
31257	31257	120831	1575012	
32191	28925	35923	897141	
32657	46653	62982	1612334	
29391	33590	34990	1030569	
33123	38256	33124	875214	
29858	29858	24726	855153	
23793	51785	46187	883145	
30324	34524	20528	1076289	
33124	33590	38255	906471	
32657	35923	26125	1517628	
44321	40121	50385	869149	
36389	35923	25660	1367872	
27059	27525	21461	1207385	
26126	20061	45254	2090063	
56450	38256	38722	1733633	
34057	42454	88175	1542354	
34990	36390	36390	1437385	
37790	25193	55517	988115	
27525	32191	32190	1619332	
38256	46653	52718	888743	
34523	28925	22860	1360407	
20528	38722	36389	970853	
29391	35923	42921	970386	
27525	37790	27059	1103814	
20528	60182	34057	862151	
25659	48519	43387	1085153	
32191	32657	33590	1343145	
47120	38255	29391	1839069	
33124	24260	25193	808033	
35457	35457	66247	2354587	
33591	57384	30792	1834870	
42921	50386	28459	1958501	
54118	40588	33124	1059028	
27526	34990	29391	1871260	
30791	34990	64848	1059960	
34990	37789	33123	1218582	
41988	38255	32191	2274343	
28459	41988	32657	2216493	
34057	32191	46186	1064626	
21460	34990	41055	1059961	
24726	35457	39188	1076756	
36856	41987	36856	2179637	
55984	34990	29392	1025904	
33590	22861	47119	877547	
25660	20061	32657	902739	
40588	29391	26126	915803	
20527	27992	39189	883611	
29858	41055	27526	792171	
18661	26592	40122	1518095	
31724	40122	27525	1590874	
31724	34990	66247	1331016	
24259	34990	42454	951725	
19128	34524	36389	1742030	
31257	35457	31258	971786	
46654	56917	99837	1230711	
40588	53651	69980	838358	
31257	29392	19128	1120610	
22394	17728	18661	856086	
31258	22860	28458	1557750	
25659	27992	27059	1188723	
30325	34990	24726	2171706	
21461	18195	26593	871015	
17728	32658	22393	1436452	
39189	32657	18661	1978562	
32190	34990	23327	1999090	
27526	33590	15395	1619799	
18195	107303	21460	1440184	
14463	19128	24259	933530	
32657	29391	19128	1633795	
26593	39188	17261	1516695	
24726	39655	22394	949859	
25193	28925	31258	1538623	
33123	30791	40121	1489637	
25193	29392	22860	1888521	
25193	27992	25192	1478906	
24260	31724	18661	1813876	
28926	33123	23794	2692823	
33124	29858	27525	1238642	
27525	33123	72779	974585	
32657	33123	26126	924667	
23793	30791	24259	942861	
23793	31724	17261	1119210	
25659	41522	33590	2060671	
27525	35456	34523	2046209	
42454	35456	17262	2150712	
31258	22394	24726	1186391	
18661	31724	21461	1188724	
28925	31724	19594	1186857	
26592	32657	15395	1985094	
27059	30791	35923	1888988	
29858	33124	22394	1506431	
28925	27991	30324	1388866	
26126	21460	18661	1230711	
17728	19128	11663	1046898	
16795	18195	13996	1059494	
29391	30791	14929	1268967	
26593	30791	13063	1251239	
18662	29858	17728	1150002	
34056	22860	11664	2252883	
73712	6998	10731	234665	
9797	4665	11664	154889	
6065	3732	9797	208073	
16795	4665	16328	139960	
6998	5131	12130	138093	
6531	2799	5132	136227	
6531	2799	6531	137161	
6065	3266	7931	136694	
10263	9797	16329	152089	
15862	5598	11663	153022	
11196	4665	10263	234666	
9331	4199	12597	154422	
10264	7931	10264	227667	
12597	6531	12596	234665	
8398	4199	13530	159554	
8398	5132	10263	233733	
7465	3732	5598	135760	
6065	3266	5599	134361	
15862	7931	14463	329372	
19594	8398	15396	257525	
12130	7464	12129	256592	
11197	5598	16329	223469	
13995	7931	18195	158621	
10730	5132	18661	250995	
8864	4199	11663	155355	
9331	3732	13529	156755	
9798	4666	7465	153023	
8397	13062	11663	485193	
25193	14462	31724	752516	
27058	12597	27526	687668	
25659	15395	25659	689534	
27992	13063	22861	175882	
10264	5132	9330	240264	
31724	7465	14929	142759	
7464	4198	9331	229067	
9331	5598	7931	172150	
9330	9331	11663	289250	
10731	6998	50385	270122	
13529	6531	13996	273854	
12130	9331	24260	275721	
12596	5132	11197	288316	
11197	6065	17728	243997	
11197	6065	20528	310244	
15862	9798	11196	259858	
12130	7931	10263	269656	
19594	7932	16796	304179	
17262	11663	11197	280386	
25192	7931	10730	234666	
9797	4666	9331	234199	
9797	7465	13995	238865	
11197	5599	27526	233266	
14462	7931	12596	254727	
19594	9798	8864	246796	
14463	6532	12130	299047	
14929	6531	23793	275254	
13529	9330	17262	247261	
11664	5598	33124	242130	
12130	6065	18194	430609	
31258	6065	10264	243530	
11663	6531	13996	260325	
19128	7931	15395	257992	
13063	7931	13530	275254	
10264	5132	11197	243063	
11196	11196	25193	323307	
13996	6065	15862	286917	
22860	8397	9331	254260	
11663	5598	9797	253793	
8398	5599	6065	161886	
15395	6065	8397	142758	
8397	4199	10264	227201	
8864	6998	7464	157688	
11664	5132	6065	162820	
9797	3732	8864	138559	
6065	4666	7931	136694	
6065	3266	21461	301379	
14929	26126	11663	390954	
10263	7464	12130	373692	
17261	7931	18662	414281	
23327	11196	16795	313976	
20061	15862	9797	241663	
18194	6065	15395	239331	
13062	10264	21461	261724	
31258	8864	12597	159554	
10730	5132	9331	135761	
24726	11197	9797	151623	
10731	5132	12130	169352	
9331	4199	7931	245863	
12597	5598	12130	257992	
9797	5132	12129	250528	
10264	12596	15862	155355	
7464	3265	8398	137161	
5131	3265	5132	154422	
6065	3266	6531	144624	
5598	3266	34057	697932	
48052	15862	29392	716127	
30791	14462	21927	782840	
25659	8864	14462	286917	
13529	6998	13996	295315	
11197	7931	14929	300914	
14463	6065	11197	300914	
